0 202 
1 202 
2 202 
3 203 
4 202 
5 203 
6 202 
7 202 
8 202 
9 203 
0 0 
11 204 
12 202 
13 202 
14 202 
15 203 
16 204 
17 202 
18 202 
19 202 
20 202 
21 202 
22 202 
23 202 
24 202 
25 203 
26 202 
27 202 
28 203 
29 202 
30 202 
31 202 
32 202 
33 202 
34 202 
35 202 
36 203 
37 202 
38 202 
39 202 
40 203 
41 203 
42 203 
43 204 
44 204 
45 204 
46 204 
47 203 
48 202 
49 202 
50 203 
51 202 
52 202 
53 203 
54 202 
55 202 
56 202 
57 202 
58 202 
59 203 
60 203 
61 204 
62 203 
63 203 
64 203 
65 204 
0 0 
67 204 
68 204 
69 202 
70 203 
71 203 
72 203 
73 204 
74 203 
75 202 
76 203 
77 202 
78 202 
79 203 
80 204 
81 203 
82 202 
83 203 
0 0 
85 203 
86 202 
87 203 
88 203 
89 203 
90 203 
91 203 
92 203 
93 203 
94 203 
95 203 
96 202 
97 203 
98 204 
99 203 
100 203 
101 203 
102 203 
103 202 
104 203 
105 203 
106 203 
107 202 
108 203 
109 203 
110 203 
111 203 
112 203 
113 203 
114 203 
115 203 
116 204 
117 203 
118 203 
119 203 
120 203 
121 203 
122 203 
123 203 
124 203 
125 202 
126 203 
127 204 
128 203 
129 203 
130 204 
131 203 
132 204 
133 202 
134 203 
135 204 
136 203 
137 203 
138 204 
139 203 
140 203 
141 203 
142 202 
143 203 
144 202 
145 204 
146 204 
147 202 
148 203 
149 204 
150 204 
151 204 
152 204 
153 204 
154 204 
155 204 
156 203 
157 204 
158 203 
159 203 
160 202 
161 204 
162 204 
163 204 
164 202 
165 204 
166 204 
167 203 
168 204 
169 204 
170 203 
171 204 
172 203 
173 203 
174 204 
175 204 
176 203 
177 204 
178 202 
179 202 
180 202 
181 204 
182 204 
183 202 
184 204 
185 204 
186 204 
187 202 
188 204 
189 203 
190 202 
191 202 
192 202 
193 204 
194 204 
195 203 
196 205 
197 205 
198 205 
199 205 
200 205 
0 0 
202 201 
203 201 
204 201 
205 201 
0 0 
0 0 
0 0 
0 0 
0 0 
0 0 
0 0 
0 0 
0 0 
0 0 
0 0 
0 0 
0 0 
0 0 
0 0 
0 0 
0 0 
0 0 
0 0 
0 0 
0 0 
0 0 
0 0 
0 0 
0 0 
0 0 
0 0 
0 0 
0 0 
0 0 
0 0 
0 0 
0 0 
0 0 
0 0 
0 0 
0 0 
0 0 
0 0 
0 0 
0 0 
0 0 
0 0 
0 0 
0 0 
0 0 
0 0 
0 0 
0 0 
0 0 
0 0 
0 0 
0 0 
0 0 
0 0 
0 0 
0 0 
0 0 
0 0 
0 0 
0 0 
0 0 
0 0 
0 0 
0 0 
0 0 
0 0 
0 0 
0 0 
0 0 
0 0 
0 0 
0 0 
0 0 
0 0 
0 0 
0 0 
0 0 
0 0 
0 0 
0 0 
0 0 
0 0 
0 0 
0 0 
0 0 
0 0 
0 0 
0 0 
0 0 
0 0 
0 0 
0 0 
0 0 
0 0 
0 0 
0 0 
0 0 
0 0 
0 0 
0 0 
0 0 
0 0 
0 0 
0 0 
0 0 
0 0 
0 0 
0 0 
0 0 
0 0 
0 0 
0 0 
0 0 
0 0 
0 0 
0 0 
0 0 
0 0 
0 0 
0 0 
0 0 
0 0 
0 0 
0 0 
0 0 
0 0 
0 0 
0 0 
0 0 
0 0 
0 0 
0 0 
0 0 
0 0 
0 0 
0 0 
0 0 
0 0 
0 0 
0 0 
0 0 
0 0 
0 0 
0 0 
0 0 
0 0 
0 0 
0 0 
0 0 
0 0 
0 0 
0 0 
0 0 
0 0 
0 0 
0 0 
0 0 
0 0 
0 0 
0 0 
0 0 
0 0 
0 0 
0 0 
0 0 
0 0 
0 0 
0 0 
0 0 
0 0 
0 0 
0 0 
0 0 
0 0 
0 0 
0 0 
0 0 
0 0 
0 0 
0 0 
0 0 
0 0 
0 0 
0 0 
0 0 
0 0 
0 0 
0 0 
0 0 
0 0 
0 0 
0 0 
0 0 
0 0 
0 0 
0 0 
0 0 
0 0 
0 0 
0 0 
0 0 
0 0 
0 0 
0 0 
0 0 
0 0 
0 0 
0 0 
0 0 
0 0 
0 0 
0 0 
0 0 
0 0 
0 0 
0 0 
0 0 
0 0 
0 0 
0 0 
0 0 
0 0 
0 0 
0 0 
0 0 
0 0 
0 0 
0 0 
0 0 
0 0 
0 0 
0 0 
0 0 
0 0 
0 0 
0 0 
0 0 
0 0 
0 0 
0 0 
0 0 
0 0 
0 0 
0 0 
0 0 
0 0 
0 0 
0 0 
0 0 
0 0 
0 0 
0 0 
0 0 
0 0 
0 0 
0 0 
0 0 
0 0 
0 0 
0 0 
0 0 
0 0 
0 0 
0 0 
0 0 
0 0 
0 0 
0 0 
0 0 
0 0 
0 0 
0 0 
0 0 
0 0 
0 0 
0 0 
0 0 
0 0 
0 0 
0 0 
0 0 
0 0 
0 0 
0 0 
0 0 
0 0 
0 0 
0 0 
0 0 
0 0 
0 0 
0 0 
0 0 
0 0 
0 0 
0 0 
0 0 
0 0 
0 0 
0 0 
0 0 
0 0 
0 0 
0 0 
0 0 
0 0 
0 0 
0 0 
0 0 
0 0 
0 0 
0 0 
0 0 
0 0 
0 0 
0 0 
0 0 
0 0 
0 0 
0 0 
0 0 
0 0 
0 0 
0 0 
0 0 
0 0 
0 0 
0 0 
0 0 
0 0 
0 0 
0 0 
0 0 
0 0 
0 0 
0 0 
0 0 
0 0 
0 0 
0 0 
0 0 
0 0 
0 0 
0 0 
0 0 
0 0 
0 0 
0 0 
0 0 
0 0 
0 0 
0 0 
0 0 
0 0 
0 0 
0 0 
0 0 
0 0 
0 0 
0 0 
0 0 
0 0 
0 0 
0 0 
0 0 
0 0 
0 0 
0 0 
0 0 
0 0 
0 0 
0 0 
0 0 
0 0 
0 0 
0 0 
0 0 
0 0 
0 0 
0 0 
0 0 
0 0 
0 0 
0 0 
0 0 
0 0 
0 0 
0 0 
0 0 
0 0 
0 0 
0 0 
0 0 
0 0 
0 0 
0 0 
0 0 
0 0 
0 0 
0 0 
0 0 
0 0 
0 0 
0 0 
0 0 
0 0 
0 0 
0 0 
0 0 
0 0 
0 0 
0 0 
0 0 
0 0 
0 0 
0 0 
0 0 
0 0 
0 0 
